3   | 1   A    B    3    | 3  = A + B
7   | 1   1    2    3    | 3  = A + B
11  | 1   3    4    3    | 3  = A + B + 1
15  | 1   5    0    3    | 3  = 1 + 1
19  | 2   1    9    19   | 19 = A * 3
23  | 1   10   19   23   | 23 = 3A + 4
27  | 2   9    23   27   | 27 = 3 * (3A + 4) = 9A + 12
31  | 1   6    27   31   | 31 = 2 + (9A + 12) = 9A + 14
35  | 2   31   9    35   | 35 = (9A + 14) * 3 = 27A + 42
39  | 1   5    35   39   | 39 = 27A + 42 + 1 = 27A + 43
43  | 1   10   39   43   | 43 = 27A + 43 + 4 =  27A + 47
47  | 1   10   43   47   | 47 = 27A + 47 + 4 = 27A + 51
51  | 2   13   47   51   | 51 = 5(27A + 51) = 135A + 255
55  | 1   10   51   55   | 55 = 135A + 255 + 4 = 135A + 259
59  | 2   55   10   59   |
63  | 1   9    59   63   |
67  | 2   6    63   67   |
71  | 1   5    67   71   |
75  | 1   71   5    75   |
79  | 1   5    75   79   |
83  | 2   79   13   83   |
87  | 1   83   5    87   |
91  | 2   6    87   91   |
95  | 1   5    91   95   |
99  | 1   95   9    99   |
103 | 1   99   6    103  |
107 | 1   103  13   7    |
111 | 1   107  5    111  |
115 | 2   111  13   5    |
119 | 1   115  6    119  |
123 | 1   6    119  23   |
127 | 2   123  13   27   |
131 | 1   10   127  31   |
135 | 1   131  2    135  |
0   | 1   135  5    0    |
99  | 99                 |
1   | 0   32766 3587183 1|

(2A,4) =1060629
(6A,2) =2140627

270000*A + 520625 + B = 19690720
270000*A + B = 19170095

19170000 + B = 19170095

A = 71
B = 95
