56789
56798
56879
56897
56978
56987
57689
57698
57869
57896
57968
57986
58679
58697
58769
58796
58967
58976
59678
59687
59768
59786
59867
59876
65789
65798
65879
65897
65978
65987
67589
67598
67859
67895
67958
67985
68579
68597
68759
68795
68957
68975
69578
69587
69758
69785
69857
69875
75689
75698
75869
75896
75968
75986
76589
76598
76859
76895
76958
76985
78569
78596
78659
78695
78956
78965
79568
79586
79658
79685
79856
79865
85679
85697
85769
85796
85967
85976
86579
86597
86759
86795
86957
86975
87569
87596
87659
87695
87956
87965
89567
89576
89657
89675
89756
89765
95678
95687
95768
95786
95867
95876
96578
96587
96758
96785
96857
96875
97568
97586
97658
97685
97856
97865
98567
98576
98657
98675
98756
98765
